configStruct = struct( ...
    'dataFolder', '/Volumes/CPG-Projects-Ceph/DO-lidar/data-lvx/', ...
    'processFolder', '/Volumes/CPG-Projects-Ceph/DO-lidar/Processed_Hourly', ...
    'outputFile', 'M00511LO.mat', ...
    'transformMatrix', [ ...
         -0.949641712139, -0.244548734683, -0.195899297932, 476196.854217206128; ...
        0.238627405159, -0.969627884853, 0.053653764293, 3636332.818343982100; ...
        -0.203070382067, 0.004204911448, 0.979155114702, (-24.624609520348 + 35.026 ); ... 
        0.000000000000, 0.000000000000, 0.000000000000, 1.000000000000; ...
     ], ...
     'LidarBoundary', [476190.822581, 476185.016129, 475999.919355, 476029.274194;... 
     3636353.450920, 3636316.937617, 3636300.996933, 3636453.144172]');


jsonText = jsonencode(configStruct, 'PrettyPrint', true);
fid = fopen('livox_config.json', 'w');
fwrite(fid, jsonText, 'char');
fclose(fid);



% blickfeld transformation matrix
        % -0.244522958994, -0.962178707123, -0.120086275041, 476196.819366455078; ...
        %  0.008030226454,  0.121832095087, -0.992518246174, 3636332.755462646484; ...
        %  0.969610273838, -0.243657812476, -0.022064233199, 10.533929824829; ...
        %  0.0, 0.0, 0.0, 1.0 ...
%% for ehukai

configStruct = struct( ...
    'dataFolder', '/project/ceph/Projects/DO-lidar/data/', ...
    'processFolder', '/project/ceph/Projects/DO-lidar/Processed_Hourly', ...
    'outputFile', 'M00511LO.mat', ...
    'transformMatrix', [ ...
         -0.949641712139, -0.244548734683, -0.195899297932, 476196.854217206128; ...
        0.238627405159, -0.969627884853, 0.053653764293, 3636332.818343982100; ...
        -0.203070382067, 0.004204911448, 0.979155114702, (-24.624609520348 + 35.026 ); ... 
        0.000000000000, 0.000000000000, 0.000000000000, 1.000000000000; ...
     ]);

jsonText = jsonencode(configStruct, 'PrettyPrint', true);
fid = fopen('livox_config2.json', 'w');
fwrite(fid, jsonText, 'char');
fclose(fid);


%% Livox tmatrix using 2m offset on groundcontrol points
